1.00
6.00
13.00
22.00
23.00
36.00
38.00
43.00
48.00
50.00
51.00
52.00
53.00
54.00
56.00
59.00
61.00
65.00
65.00
67.00
68.00
69.00
69.00
77.00
82.00
82.00
82.00
82.00
82.00
83.00
83.00
83.00
84.00
123.00
124.00
127.00
129.00
132.00
141.00
142.00
142.00
147.00
148.00
153.00
158.00
162.00
165.00
171.00
173.00
175.00
177.00
190.00
192.00
194.00
199.00
217.00
218.00
226.00
231.00
237.00
239.00
240.00
241.00
242.00
244.00
255.00
257.00
260.00
264.00
267.00
270.00
283.00
286.00
288.00
317.00
318.00
320.00
322.00
339.00
343.00
348.00
350.00
357.00
359.00
363.00
367.00
370.00
377.00
390.00
402.00
405.00
408.00
430.00
432.00
438.00
442.00
456.00
458.00
459.00
462.00
465.00
472.00
481.00
487.00
491.00
494.00
497.00
498.00
500.00
509.00
531.00
533.00
533.00
566.00
580.00
597.00
