1.00
5.00
5.00
7.00
19.00
26.00
28.00
28.00
29.00
29.00
29.00
30.00
30.00
31.00
34.00
35.00
36.00
37.00
38.00
39.00
40.00
41.00
42.00
43.00
43.00
44.00
45.00
45.00
46.00
46.00
47.00
47.00
48.00
49.00
50.00
52.00
53.00
56.00
58.00
58.00
59.00
59.00
59.00
59.00
64.00
66.00
67.00
68.00
70.00
71.00
72.00
74.00
75.00
75.00
76.00
78.00
84.00
88.00
94.00
94.00
96.00
97.00
105.00
105.00
106.00
107.00
108.00
109.00
110.00
111.00
115.00
116.00
116.00
117.00
119.00
122.00
127.00
132.00
134.00
135.00
136.00
138.00
140.00
141.00
142.00
144.00
145.00
146.00
147.00
147.00
151.00
152.00
154.00
162.00
164.00
167.00
180.00
184.00
189.00
195.00
203.00
204.00
204.00
205.00
205.00
206.00
207.00
207.00
208.00
208.00
209.00
212.00
212.00
214.00
215.00
221.00
222.00
223.00
223.00
224.00
225.00
226.00
226.00
228.00
257.00
264.00
291.00
301.00
306.00
307.00
309.00
311.00
313.00
314.00
315.00
317.00
319.00
322.00
323.00
324.00
328.00
336.00
340.00
343.00
345.00
367.00
367.00
369.00
374.00
376.00
385.00
387.00
388.00
389.00
390.00
391.00
392.00
392.00
394.00
395.00
397.00
402.00
405.00
406.00
408.00
408.00
409.00
410.00
414.00
416.00
421.00
422.00
424.00
425.00
427.00
428.00
431.00
432.00
434.00
436.00
437.00
439.00
443.00
446.00
452.00
456.00
457.00
462.00
466.00
470.00
474.00
478.00
480.00
482.00
487.00
487.00
489.00
490.00
495.00
497.00
498.00
502.00
503.00
504.00
505.00
505.00
506.00
507.00
508.00
510.00
510.00
511.00
511.00
512.00
512.00
512.00
512.00
512.00
512.00
513.00
514.00
516.00
517.00
521.00
522.00
523.00
523.00
524.00
527.00
529.00
529.00
531.00
532.00
533.00
534.00
534.00
537.00
538.00
539.00
540.00
542.00
558.00
565.00
570.00
573.00
577.00
578.00
579.00
581.00
587.00
593.00
596.00
597.00
599.00
600.00
601.00
602.00
603.00
604.00
605.00
606.00
607.00
612.00
615.00
616.00
618.00
620.00
626.00
627.00
628.00
629.00
633.00
641.00
646.00
653.00
655.00
656.00
657.00
658.00
659.00
660.00
661.00
663.00
664.00
665.00
666.00
668.00
669.00
671.00
673.00
675.00
677.00
684.00
687.00
690.00
701.00
708.00
710.00
712.00
720.00
726.00
727.00
727.00
728.00
729.00
730.00
731.00
732.00
735.00
736.00
738.00
739.00
740.00
741.00
742.00
742.00
743.00
744.00
745.00
747.00
749.00
751.00
753.00
754.00
755.00
756.00
757.00
760.00
761.00
765.00
767.00
769.00
770.00
770.00
771.00
774.00
775.00
778.00
779.00
780.00
780.00
780.00
781.00
784.00
785.00
788.00
789.00
789.00
790.00
791.00
792.00
792.00
793.00
797.00
800.00
801.00
802.00
806.00
807.00
808.00
809.00
810.00
811.00
815.00
818.00
819.00
820.00
822.00
830.00
830.00
831.00
835.00
837.00
841.00
842.00
